6
2
522 4575
5
6426 9445 8772 81 3447
10
629 3497 7202 7775 4325 3982 4784 8417 2156 1932
50
5902 5728 8537 3857 739 6918 9211 9679 8506 3340 6568 1868 16 7940 6263 4593 1449 6991 310 3355 7068 1431 8580 1757 9218 4934 4328 3676 9355 6221 9080 5922 1545 8511 4067 5467 8674 4691 6504 9835 2034 4965 9980 1221 5895 2501 8152 8325 7731 9302
1000
8153 9896 9022 7489 8399 607 6466 4432 1502 3968 8333 7475 3792 84 7010 9694 7328 7354 4712 8409 6480 2643 8121 1951 3492 4420 8197 8607 7925 2167 717 3438 9200 6986 6104 6483 3620 9806 881 6858 5559 6553 8502 3554 2962 2325 7435 9279 464 7327 2549 9832 6595 8200 8720 7658 639 9992 9130 6467 8989 7958 2581 6600 7466 1473 1929 9775 2581 9770 9455 3718 4628 6807 9335 1898 1552 6530 5811 9569 4148 3384 6954 8913 114 6315 3686 9334 382 1392 8326 1008 3553 962 4957 4850 8231 2061 1185 1588 4305 2980 7564 1890 52 8747 943 1740 7593 7469 7370 2516 443 6007 9525 3299 412 7163 6699 3571 8976 7455 2217 3590 9343 4427 3220 1342 4584 4239 4496 5875 2601 1258 1449 3377 40 7428 8238 2455 3517 1653 4433 1768 1957 7307 6456 6878 2977 5368 1999 4882 3541 1826 3764 3269 1401 2098 8698 6763 1515 5413 1495 6523 4571 206 8357 5904 3310 1410 5844 7611 7484 410 3559 9262 1394 8949 1107 8546 2737 7987 4979 2306 4685 9291 5542 6542 9134 1094 2751 2089 898 5729 212 9964 8297 1823 720 5297 2280 4917 4338 7176 8183 7965 5740 3541 9555 3 3316 8256 6013 7611 3974 4931 2024 9609 6176 304 1151 4199 9876 8825 8893 3939 3737 4374 8323 6846 5819 1154 5157 814 6343 1886 1197 3100 1856 1709 3879 5479 2461 3014 9123 9744 5400 7094 9447 9020 9152 3963 9674 7829 8984 9930 5322 6665 2646 9385 9191 1353 7605 7110 4453 3356 243 7694 1854 2297 3075 9831 974 8720 1837 695 9845 7154 1673 5306 7865 5524 952 1231 5329 2353 6331 5692 8027 3413 3081 8438 5063 9858 7358 266 7801 6095 8374 4807 5051 4868 9478 9809 1304 7007 2308 2992 4499 9650 1706 8399 7822 3698 1015 6381 7267 2282 237 7119 6111 9926 3444 9788 9826 9944 3702 1888 6944 5655 3521 4489 6946 1131 6616 2445 1654 4434 3522 4850 2683 2542 5226 741 2486 6101 9661 8532 6961 3568 1903 276 4758 9772 5766 3259 3224 5836 3741 2054 9018 6325 5395 6949 5925 5056 7850 6378 2711 9083 8184 9790 2559 5945 8345 268 2322 7501 555 8772 1785 6675 1312 8665 2321 4920 3696 2516 4857 7149 948 3807 4535 1591 6284 3082 1268 898 3674 841 939 9593 3717 6003 6334 2768 6471 965 1121 1083 9103 2366 1149 5732 5776 7488 2238 3064 2736 6773 8070 2122 1274 6632 1560 7455 4748 1880 6061 5889 6954 5320 2034 6733 6345 1090 9640 8212 3717 3135 8211 7037 1483 2144 8668 1778 256 4345 4127 6398 8808 9328 5758 4566 4591 6371 6076 5805 4964 9279 8370 3309 441 8329 8125 3429 661 5241 1166 4870 9394 4314 9513 901 2687 6748 6614 9965 4222 1122 5748 2234 8311 2997 2193 9838 3172 7006 803 3711 2547 9136 5442 8343 3431 7420 2923 5843 3239 6314 7903 8901 2622 8535 5777 8275 3321 2177 1404 6261 2972 4093 8747 1562 8237 1698 4271 4836 504 9420 5101 4743 5433 3897 1277 8110 8645 9487 3324 246 3889 5524 5243 4258 7961 8389 3581 789 4619 4688 6477 3899 4025 9913 6134 1920 3179 1065 8697 4727 1051 7706 763 2500 2471 1068 5652 3266 8850 52 8000 6319 5411 4456 6626 3115 7764 1380 5517 3757 9764 679 3801 8526 9990 2967 3604 475 2416 249 1406 2199 6557 8954 7355 1991 6539 6505 3637 5268 8254 1066 9736 428 4107 6932 5332 6786 2766 2868 8159 5418 9652 9768 1968 9710 9905 6965 1269 475 8460 6802 2638 4516 9806 3002 2159 6222 4423 9326 5906 6419 8505 4721 7875 3615 9755 5674 9458 8246 1111 6149 4997 7788 76 1378 2483 3211 7964 2485 9930 8577 5583 6228 7657 5135 6671 2685 8151 5195 1338 7581 9546 9903 8836 7801 8433 2359 1986 7193 7147 8119 2927 1528 5310 9747 9323 8294 6305 7798 9399 3654 1649 5020 714 8688 1088 7735 607 4464 6417 685 6565 5781 5166 4216 5885 8131 258 2437 6528 2337 1376 6454 7143 9580 6618 256 2049 322 2378 8413 3056 1016 6636 7788 7836 2149 114 8828 6254 6741 4767 164 7638 4966 2669 8270 8646 4542 9399 9368 9925 1235 7151 274 4350 9361 8473 1106 4782 4952 8142 6035 7337 2460 8059 4049 8709 6995 4847 4974 2381 3226 2224 3809 4943 3025 1527 8610 8495 2298 4655 5567 5698 5790 8778 9995 9908 9016 2300 2633 3650 2312 5582 8853 6097 8881 8620 6427 3925 9355 5240 5070 7050 4178 8133 6739 319 4533 5388 9299 5558 7720 122 861 7766 5922 1456 7601 8377 144 8882 8966 8046 7104 8009 6149 8696 2327 7585 8555 6413 4859 5963 8139 3591 4970 8860 7834 5911 6274 4876 145 3677 2214 5545 1743 609 8879 7937 3940 4782 4553 1531 9495 6817 6994 3471 8865 2590 3886 1593 7504 2172 1493 8954 9221 8132 3060 5623 982 4181 9064 3736 4365 2371 7894 4458 3175 1956 2310 4254 1429 6274 995 7816 126 3883 4364 6352 2715 9140 9335 180 2362 7874 4345 8612 8045 8607 6654 7221 6520 5211 4807 6703 6613 2552 6263 4351 8291 7725 8774 9542 4643 6181 3342 1719 9130 9629 3953 157 6803 3001 3040 8643 1338 6671 4773 906 3889 2778 7931 6678 5919 8952 8656 49 3547 1261 7434 951 7318 8430 7391 3993 7823 4503 1963 2346 4972 2406 3854 661 3031 989 5851 8228 5263 1412 7499 9178 819 2436 3672 571 4795 5549 1554 3967 9215 289 2925 6019 6141 2583 3969 119 5015 281 1993 7200 8835 518 3781 6616 5865 9920 8504 3545 7881 783 8490 214 2082 2285 1943 307 1164 9976 3933 3047 6095 3812 6978 8593 4714 8422 8797 9536 3565 9466 6936 26 5359 7181 581 4182 3144 4179 9589 6994 232 1794 6322 6333 4719 4246 2646
10000
2062 19 7147 770 9291 8397 5862 8617 6643 7611 2925 4274 9973 4064 9498 8873 2407 640 6908 6302 9296 789 4581 4980 717 1388 9613 531 8544 1864 7325 4952 1660 5550 9590 3184 2235 56 4664 4352 8520 3443 9019 4112 373 4448 2793 4443 7878 6822 7953 2960 3700 6926 54 2884 6220 8614 2830 3982 2349 2447 7396 1834 766 1215 9111 2743 8645 9856 6377 5353 3713 5343 592 4967 5537 1374 6264 4862 1562 18 3774 268 8293 3557 3607 645 2334 5173 8375 210 9222 1923 8635 8637 5762 7430 5088 8423 7179 5574 5721 4387 4780 6673 7356 6920 8727 8569 405 4386 7472 4979 4179 7649 1120 8841 3670 5800 3699 2457 7639 2751 5723 8933 7408 5138 2539 65 4031 8785 6124 8360 1816 1694 7915 9672 3840 8545 3257 3121 4419 1879 4154 377 5518 1599 9863 2635 9717 8348 6364 707 9039 5526 5706 3396 4597 6600 4614 2562 5239 8755 5688 5736 5894 938 749 6228 4299 8149 2070 8118 4959 3822 3127 8677 1905 486 152 9785 6659 2577 2263 114 3261 1286 8837 5680 3737 352 4 3656 3413 5247 1344 8742 3972 4728 3107 9589 7885 9697 6286 2104 5403 4998 8935 4597 8699 2535 2053 725 4305 6807 1526 7686 4803 3151 5035 1785 3548 2600 518 2548 6651 2917 7410 6224 977 3351 1787 2620 2535 6166 7266 8376 5861 5199 5082 4235 428 7281 4110 2958 4126 6095 7689 2623 3104 2849 7772 8655 5871 3986 2331 1828 8344 9731 3296 1496 1054 3719 9895 3224 6007 6757 5376 4549 3312 8250 769 8998 7445 1620 449 3461 9737 3144 4798 2702 2532 5436 6296 4179 8528 2013 7236 138 380 9259 8505 5085 1897 4136 4918 9161 5663 2589 5627 8800 7113 4438 9867 6023 404 5664 8944 3224 8037 7010 8647 3089 4256 1921 8864 3892 5905 6666 7759 4645 887 1996 702 5647 8372 747 5449 8543 9023 5759 6656 3271 2306 9331 4888 2301 1579 1126 1498 4313 4911 3277 9747 7002 1971 2015 3811 3218 9986 599 5214 1717 8058 4902 4030 6158 4334 7615 9038 5659 2661 8873 3024 1612 7337 9681 2121 9623 8730 7253 5104 6359 1161 9978 2194 3897 8573 8614 3793 5613 8961 3494 6112 1371 7172 7882 1289 4763 9031 4612 8855 4364 1091 397 2396 7582 6913 1200 4284 3784 7439 3357 6656 995 2850 823 2805 732 9390 8151 8826 2950 4576 7174 4485 5046 7157 4375 4223 6693 1696 1083 8099 9938 8968 2778 8723 4141 5319 7649 7651 5661 9500 2078 6652 2331 1930 4294 8299 117 1751 7456 9791 1036 9694 9464 4558 3078 5533 477 96 8460 7864 9458 6323 9293 1780 1889 8517 4554 956 1523 2877 9544 2080 7273 1907 97 6097 4231 548 4323 8423 9587 1375 7519 4507 2922 6794 7147 189 8796 5405 9953 1487 6571 4853 9246 7591 3616 8051 2500 5553 2790 8523 2408 3339 7885 3110 5748 152 4008 9664 5526 5902 6015 9594 2575 264 3070 2537 9174 9364 2004 5653 3155 4005 4629 331 7204 4434 6761 5484 7707 4581 2363 7644 1069 4638 3866 2995 4164 398 8251 8783 1919 8988 9829 5872 4061 2547 835 3499 4630 7970 9734 4520 5810 8427 689 1316 8143 3172 5483 2064 31 4633 1984 8128 8007 536 1473 476 2402 2947 5743 3154 8700 8754 2436 3138 4360 2654 8442 2273 4491 3863 2721 3431 2494 495 2462 8081 2943 5117 1734 3647 6656 9435 8967 7735 1063 9449 6000 6576 525 3879 7828 9032 5071 5151 780 8639 8960 8920 6769 938 85 1252 2742 6496 1191 8787 2828 1040 2053 1582 6283 2762 5583 2045 6032 8833 2940 8465 9065 6864 261 987 1243 2849 4856 435 2589 9271 1350 8418 4810 5446 9717 9592 3859 7685 6462 1207 315 2515 8064 2629 9065 6975 3931 7150 9 7135 5430 6880 6507 8954 3498 9118 2275 318 7653 9310 2199 1899 2888 1067 3604 4549 2521 4515 8650 5430 2434 8521 6651 8617 5552 5892 9328 3040 9237 5743 8388 7472 7782 6359 1847 2160 2477 2016 2892 4174 2488 4145 3563 1081 9112 6387 4960 9383 4979 5029 8698 4897 1571 7307 6621 8627 3429 5531 3456 6397 2011 606 7280 7172 3146 901 7211 2097 1197 562 7542 9553 7664 5194 9784 5763 8981 4042 8940 8013 3923 175 9795 3976 7346 8124 9232 63 5664 7464 4538 8516 4111 2957 9357 1099 3508 3275 4841 9325 1226 2226 8690 2631 6397 6843 3774 4248 6688 1328 7002 4950 7575 9296 5910 4282 6301 3660 996 3535 608 4333 2541 3223 1920 7851 8124 8758 3892 5047 8096 7381 3828 9682 671 5792 1456 6932 3518 1529 9207 4598 7369 5491 1713 8328 2001 8023 7686 6716 4041 6386 1365 553 4361 181 8974 9545 7403 1124 1960 9723 1777 2856 2076 9633 2093 5917 9367 7251 9974 7652 7340 4379 10 434 9584 5959 1847 9344 605 8683 1248 3721 3295 6236 7022 206 2314 757 9996 2053 9314 7430 1482 4710 3041 1488 5020 2477 9332 9450 6312 8939 1599 1055 2747 2117 2453 1886 1733 2595 7472 4345 7656 8690 1743 166 4973 5571 1939 2289 6975 6362 6289 6488 8429 8591 1731 4238 2012 2496 7479 6120 2372 4525 7902 8851 6702 4187 8750 2220 4428 8898 9889 5302 657 2815 6516 1352 7941 3635 7225 6124 8018 1841 2117 4130 7674 4084 8482 58 7022 6567 2750 2030 4104 7483 8939 9126 9250 420 1613 7009 4445 428 8127 2131 4204 7823 350 849 1798 1806 5100 3783 3079 3244 4382 9074 5167 5284 2015 9783 9521 8593 2443 4218 1622 515 3573 120 9912 8481 7009 2589 1511 5410 4362 30 519 2771 749 7313 6240 6516 444 8928 5085 3131 5453 6234 3998 1503 1753 4386 6822 7550 4637 46 2877 4567 9484 441 8526 3249 3226 5537 1866 5315 323 8634 212 1641 546 2793 1508 8918 2026 2025 9636 7948 4721 7466 8966 1701 7184 6749 8667 6766 8276 3705 6253 935 7936 8201 1078 5540 1913 9692 5447 2351 2888 9332 6338 1891 1292 9975 1409 8258 4069 4769 4141 433 3482 8368 2615 7415 4692 4039 6514 209 8897 7979 8630 9937 1602 6073 6159 9802 1677 830 7917 2294 1963 5821 9986 80 3899 8589 7543 3178 5758 4377 5542 4281 7641 3294 817 8468 3062 6416 762 8984 9459 2725 5881 1495 8449 4120 2922 740 1110 9304 7532 5384 988 8678 4563 3857 9247 4891 2390 7454 8963 6095 9521 3236 1036 1267 9013 5036 789 7720 9971 9042 5322 6566 3173 1288 2205 2230 5829 4609 7300 600 1812 7894 3529 5550 1141 3748 4169 4335 1311 6636 5638 9573 1134 6626 7813 9039 2594 3007 6113 9392 5854 4655 4486 9214 8490 8276 3078 9236 9570 7393 8776 6016 1638 1343 6436 9862 8520 6971 7656 8427 2448 7366 6694 8314 8539 8804 547 8419 2120 8414 3994 1495 3242 1984 4103 6749 3833 7451 8141 401 4160 8580 7633 447 4496 1139 4732 5804 1996 2117 172 718 411 4763 6515 9103 3434 5689 7943 6830 2439 7192 6881 3325 8247 2756 9710 1044 1760 1982 9281 4589 1936 1851 5903 3942 6740 5747 657 7778 4050 3987 6949 2088 2224 8027 9038 8290 5930 2657 5744 1744 5648 4125 7029 6659 5733 1563 7354 9954 321 780 6370 3176 8000 5828 578 8067 6626 5661 5507 3687 9401 7795 9236 873 5901 7751 8550 3973 6539 605 1918 8185 3394 525 5574 487 6069 3925 3563 1031 2908 1669 6752 3890 1202 1825 1835 7128 5432 3843 2003 6091 865 3527 2152 2802 6628 382 7483 3975 4910 2155 6289 6073 8445 4729 1012 683 1557 4722 9570 4995 5263 3177 1052 1292 469 9426 5528 548 8264 325 9712 15 7626 4430 8561 3906 4180 7216 2925 9321 113 1309 393 3345 2161 4831 5488 1838 2472 403 126 8711 9612 1993 4901 9333 8410 6181 5547 2264 5377 4321 2858 2130 9525 5449 8880 9561 2254 4333 2061 8473 7830 9970 7159 4704 6543 1826 2536 1169 8411 8967 7807 7266 8354 7108 475 6077 1903 140 980 7634 1155 6873 5170 1092 1601 1270 4755 3960 9920 5461 2553 1577 1933 251 1386 8326 5702 1071 6831 4338 4255 8030 3765 628 8113 6938 3167 3637 102 9494 8385 7220 1183 6284 8967 5 3870 8471 3660 8557 3964 8569 723 8952 3060 9702 8546 6436 7158 9927 3186 1091 533 3273 640 7693 5673 3531 8591 3371 1166 1108 9444 5117 7764 8250 5337 5894 6877 5659 6026 6586 8641 2056 7691 2551 5293 7605 3024 8425 3919 5659 3811 4612 908 5623 8641 734 3579 5432 4317 3985 200 9556 3564 5374 6674 4339 600 7509 7884 275 3022 7535 144 9267 1679 4660 5207 1224 4018 9221 4898 7466 9696 6963 4645 8552 1479 837 5462 9808 2088 9639 2130 3576 58 7413 5305 2056 6932 260 1773 829 4134 1850 3159 5528 833 3345 482 3373 6826 9064 5310 2421 7916 8946 926 6956 3619 9332 6714 899 9617 4331 654 1647 5548 6980 3529 4072 8926 1667 399 5275 9764 509 1880 5321 7088 3933 127 902 6375 7363 8771 8378 4564 576 713 8563 8707 2891 2440 8306 4087 7775 6203 5929 8372 3386 8691 4963 1845 4064 6275 8956 8743 9495 8962 5061 4460 1000 2732 8418 5194 3220 1954 6603 2009 7645 7205 1662 9065 9992 6175 5915 7257 7970 3722 9015 913 3640 5846 3354 1481 7677 7384 1457 2464 3080 357 2620 6358 8019 827 4929 9586 1373 809 7447 4860 6729 8034 1868 4964 6541 6287 8224 2426 7940 4761 4008 9891 7453 1874 3052 3563 5833 8365 1496 4781 560 7858 9375 8397 5389 2188 5619 6991 1310 5690 3455 9852 5173 8369 3005 1364 3049 3272 3792 3495 4054 8570 3100 9723 9400 8904 793 985 404 5957 9379 384 2016 1304 8573 5105 9318 7869 9513 4785 6917 8740 4161 666 8768 5873 434 7146 3165 6490 3660 8770 2294 5196 2163 4872 652 9031 2849 5845 4783 5085 4817 584 5927 1319 2870 8354 2622 1056 5090 4072 932 6904 4399 8964 6378 2258 9850 5124 647 598 946 7002 6918 8816 9550 1546 9542 2527 3652 1343 1961 1415 2531 1222 3653 4975 4362 9793 6934 2708 4094 9093 4810 1940 7000 4428 9699 5204 3093 5956 7289 8139 2724 6495 8534 6708 1691 7409 6088 1296 2883 7653 3122 482 6903 1608 6315 8577 3689 1932 1805 4393 2910 7831 1879 154 221 1105 9612 2136 9187 1194 6050 3225 625 7713 8660 2922 3581 1438 6545 9435 2397 9577 4426 2734 9151 6160 6615 6796 2308 9813 5891 2272 6416 9326 3212 6921 4444 6036 8948 316 3588 3076 9842 3921 1562 177 3538 7313 7153 7376 9201 3646 2562 9258 5266 1803 9050 3421 4187 6048 5018 9340 6136 3607 9574 9226 6823 1746 9655 7699 1483 7459 4169 1972 2314 3009 8541 6462 3887 8074 6680 119 904 2523 7923 7912 3768 4458 297 3424 7623 5997 3532 2527 6861 8272 5967 4188 2762 4355 6141 2960 9794 6346 257 7993 1961 1947 908 6472 1771 5571 9811 739 887 2434 1566 2164 7966 5434 7434 9207 3913 2324 6232 5472 5217 4795 5900 9251 2005 8878 9470 842 4695 2258 8940 8499 9199 6814 7127 6511 951 7758 7889 8213 8989 2273 6789 5020 4 2331 3839 8052 8819 4916 6944 7630 9828 7446 6652 6495 6054 946 4347 6018 2780 7116 3531 2899 8108 6267 7516 772 5841 4090 2995 1515 8058 9562 472 9970 5752 6046 215 2502 7444 6797 6643 2249 7366 7923 4303 865 9279 6528 8467 9830 8880 9015 1677 1703 1009 9585 5213 3734 9915 4808 3079 487 3326 6060 1285 9462 6796 4513 7107 7358 8588 6143 6897 1810 5192 1809 6597 8887 9135 9799 614 8440 2068 4548 4418 1393 1757 6848 8297 6981 6356 3686 2447 9353 1626 6647 1646 2454 4975 8886 5873 490 5131 5851 4619 5016 6377 2352 5790 115 7878 2694 3908 8503 4390 6225 2906 2865 1200 5832 9328 1122 3805 2646 9914 1567 9085 5820 4786 5668 5121 7356 7235 3948 1154 1951 832 8235 9305 1329 2539 1717 1925 5552 4254 9044 9368 2176 1174 9333 1082 7529 5938 2155 2901 1607 1128 4475 7719 9466 6625 6991 9379 2596 6376 5395 2784 9197 6320 6363 8568 7746 7723 2411 4699 5938 4307 5837 410 9984 1684 4863 1180 9732 4192 1810 2652 7786 2218 8828 7896 8049 75 4935 6788 9852 8289 8464 6741 9413 2603 7961 855 2565 1406 2007 8904 5694 6339 7140 5578 5921 1702 8398 1941 5864 3449 8854 6210 301 7823 3651 7713 9137 913 9660 3076 9718 9580 7233 450 7957 7937 115 6853 5962 5940 264 8764 1187 7070 2200 8506 8980 3772 6562 8565 7141 9261 1272 8935 1730 6039 9326 1489 9306 2130 6287 5683 3330 6187 1656 9957 4303 7283 7819 6402 5663 2158 8382 9799 8529 2085 3257 4985 6248 116 9516 3036 8636 9500 3830 604 1032 2882 5247 264 3741 1374 4767 3394 606 1454 5076 9728 9778 3216 2433 5870 2902 3083 6985 4362 9160 6823 8184 9367 1213 3200 7723 1787 9755 4775 9266 6768 4192 4033 3093 8886 4985 7254 8540 5872 9020 7171 6198 7379 2687 1656 1395 5530 1774 1259 4058 548 4345 2404 4852 3780 5827 7759 63 4016 8740 141 6859 1715 2648 2227 768 4556 5711 8601 7719 1581 8939 9276 7773 5420 564 8924 4579 8229 5671 3647 8496 6853 9731 6700 6813 1489 4267 1009 6328 6045 7127 2366 5570 4214 5218 3112 4129 4921 4557 8151 767 6617 1659 5991 5912 3773 5779 3211 2736 2767 9250 5877 699 5198 1382 752 6915 1581 611 2743 4998 4290 2306 5754 3222 1496 893 7840 2871 9517 5605 9968 884 1316 620 2791 8586 9429 7851 6837 8362 200 1725 319 4844 2558 290 8975 8327 5368 6477 3567 5274 8733 4743 5010 6886 3433 6266 9804 2066 5784 886 5908 8950 5375 4895 1401 5952 2116 2893 90 4770 6625 1450 5437 1153 6197 9144 9833 7544 66 8057 2075 6243 3152 3701 3173 4149 3625 7703 1082 2162 3275 2224 5396 6341 1833 2803 6191 4172 7962 9943 3003 7271 7113 8873 1869 4188 3219 9623 7710 8726 2828 581 6427 2801 4586 9004 6563 848 6088 9638 4380 4920 4325 9780 6559 8066 9683 8280 8519 556 6040 4107 7110 3817 6256 9976 9425 8829 9657 9759 2879 8129 5845 1811 2925 5 5100 1564 1437 6473 8951 3062 2642 1987 7782 288 4853 7276 2395 9967 2644 7987 7485 7816 4173 3000 822 1865 7560 7154 1701 6432 5578 9162 4893 1666 1715 670 2708 8566 8193 1839 5413 9672 2826 7923 9230 4454 6023 1587 5571 6710 2435 9710 377 126 9904 5301 7532 6267 4066 9757 3369 5787 2130 4208 8437 4563 700 9404 6836 697 5793 1042 4402 2042 6934 4808 6926 5414 8307 9256 7850 8879 1814 5743 7421 2910 8429 2926 2817 9118 607 1885 4565 4431 5716 5555 1915 6180 3336 9999 3899 6597 3596 8098 3631 7182 3685 5731 7221 1982 4923 7609 1472 2713 5579 7173 2663 2119 8374 8405 9829 5491 7424 1170 1655 3436 1202 2275 2849 7319 1544 8439 1497 2843 9251 2368 4363 1779 7591 9714 7619 1664 4047 6600 4454 5349 6421 336 1129 2265 250 4362 7480 1240 2452 6396 3969 7586 442 7585 7238 5595 4234 3077 6879 2937 5972 6203 1302 4714 3133 6247 4809 171 3933 661 411 3569 113 112 3299 340 6505 9483 7243 6399 3659 7884 2962 114 830 3612 6891 9120 8112 7032 3516 1265 2945 9619 672 7537 9030 5538 8069 175 8631 1646 8655 6879 2737 2950 499 3609 68 7818 3997 1912 805 8065 4042 4987 1886 740 8446 6087 90 9632 4368 2579 6201 9640 8009 3130 9250 8513 5609 5373 7500 9301 1090 8607 4339 7665 8779 199 3386 5894 222 7249 7843 3563 7978 2253 8168 6889 9425 9055 166 3230 2427 2077 9597 2875 1170 6356 449 4854 4260 84 9116 6265 1445 4847 7146 6497 4618 4686 7307 8431 2302 7900 8932 7467 3185 2697 2462 3276 9236 5688 3894 5105 2574 5105 8747 2635 6570 4848 4804 3712 1431 1252 6775 4426 4534 8225 8211 1798 6320 78 5863 2006 4110 6856 904 6591 3967 1085 9951 2956 661 5682 7241 7721 9496 8942 4117 8456 3345 6604 9418 5488 8768 9309 6270 4201 7159 3236 4192 7825 8973 4840 5615 986 5405 5381 2064 1129 2196 491 4428 4761 9190 5214 9247 9894 3641 6036 3227 9251 9112 570 8675 9508 8513 4576 8880 7284 4360 2792 415 2353 3602 9403 2401 2059 9275 932 3354 904 8576 9522 3923 1907 2150 3786 8041 4009 3409 5091 5323 3418 9341 7961 8047 4766 9401 2379 3549 2221 8199 4029 5587 8694 6942 4055 5487 1321 2360 2467 5336 7789 8740 1571 4806 3163 3365 7288 5317 2112 4289 2732 9879 6399 7234 9530 4063 5933 3753 5056 7110 1411 9366 9380 7673 1552 5793 8236 8569 4549 8837 8548 5642 1063 1727 6316 7060 9216 8163 9480 3637 3469 424 7486 2238 6273 2615 9243 8465 6049 1535 8239 298 9191 9524 4220 835 5312 3740 7531 3837 4221 6129 1239 8718 598 8177 2271 9950 3794 2305 5928 5161 5056 6662 1001 8304 4049 1610 6766 6647 2187 4301 5062 3865 1192 2865 4325 591 7285 6797 9810 8877 1603 4220 8330 4166 9306 6987 9563 1826 4689 6782 6122 3615 9031 1675 4638 2669 3405 4269 6210 753 2010 6610 8343 5603 5734 5950 5647 8512 6591 742 8628 4856 7639 2102 9871 9393 2995 460 1761 3026 1278 5450 4077 3497 6164 4808 7116 9574 7943 7679 4200 637 4366 2591 401 5720 6497 2970 3995 9187 6942 8983 1054 9966 231 3664 2757 8815 338 4276 8431 9789 1176 6261 4177 5622 1990 2779 2259 8026 1663 2560 3982 157 903 3250 6500 9 8585 9733 8232 7578 7331 9150 6145 6064 7893 6760 8828 1584 1974 419 551 9124 2271 9232 9271 2342 2077 3894 7107 3881 2499 113 2342 464 3094 7965 8545 9605 4495 175 7350 9700 2733 5901 3246 4877 4944 8481 8693 9509 6639 5306 5976 2245 7571 7338 3614 2346 3130 4265 6620 4355 9493 576 2015 1927 6618 911 3847 5180 6738 41 614 3265 7436 9875 3764 8101 9016 1064 1662 5933 4637 5351 9507 9778 8501 9539 4822 8784 4091 7778 7679 3977 8420 5807 298 1536 6547 873 5238 6911 3746 1009 6998 1297 8624 1360 772 424 3614 5471 9241 6424 2977 5724 6823 4602 1715 812 1599 634 3714 4003 3179 7674 7808 1822 4357 3277 9793 4762 1262 8588 3232 2154 408 1205 2234 3940 9212 3607 4993 9524 6741 4599 1338 697 4179 7645 4640 1315 4138 4392 4815 651 8240 9206 4505 1995 8162 8973 3589 593 8111 6437 3035 8193 7148 8732 4569 5104 8814 5120 6433 3578 7251 2232 4424 4348 4314 2156 6921 5402 3542 9560 6896 8987 1423 2173 8944 6424 2320 9680 5981 9201 5018 8714 9395 6407 3648 486 9965 7651 6809 805 5454 1022 4258 8093 8972 3431 8665 8886 1327 9920 3923 8124 7943 1905 7078 7712 6868 5460 8224 6055 8155 5783 9374 5801 2760 9837 3862 115 2502 6205 3870 1686 7593 9698 1234 6645 324 9769 9266 9355 7555 4774 4577 2387 2755 3583 5127 2046 7237 3055 8112 6033 3391 3301 8123 404 6378 5074 7197 6308 9525 2863 6363 209 6816 6660 7827 2241 5618 3442 84 7435 4276 8859 6608 9933 5892 340 2689 4519 7923 9290 5618 2830 2951 442 3762 442 7434 8775 7461 9032 4233 7143 1554 5640 8693 5735 613 2720 8790 2147 3055 2439 179 2702 7361 7195 4283 5760 2853 9004 6255 9603 3333 4574 917 4838 2578 4283 9383 1994 334 6943 5234 7399 994 778 8824 5048 5689 7601 9102 8522 4611 4942 2286 3826 9107 6923 5494 8100 6482 4027 6824 6828 8298 4962 1512 1753 9467 1143 33 2045 7913 3801 6480 8799 6603 2279 4071 3320 6926 8935 6220 5369 8545 1152 8439 3748 8423 7903 280 4943 8360 5190 4366 3877 3407 232 8577 9124 8285 8031 4345 7439 2997 7735 1764 8717 6702 8112 7956 5016 7972 5071 8527 8048 7064 2061 5261 9094 4411 4919 7934 1217 8807 8476 3153 2476 8646 4771 9742 9158 265 594 5565 8464 2370 6488 7549 339 5402 3236 5310 8855 6364 7275 8151 9773 2232 4086 9489 8951 2049 8945 2697 9722 287 974 1010 4147 942 1248 2977 751 3309 5136 1743 6641 1552 252 8763 10000 4239 2643 8837 6166 5605 8282 3108 5554 3313 42 3313 3319 2520 5023 4586 9627 2609 1546 6320 6857 4392 2656 8809 47 3211 5898 1791 5121 5440 7555 4798 5860 5693 9133 9514 6339 3807 3708 2279 1886 8676 4441 2799 9622 672 8864 5728 579 5532 1634 8763 3086 306 1012 7078 3207 8963 2527 5851 7376 1633 3822 1047 8015 165 98 8332 2672 8122 9873 6127 4545 4032 1315 6538 2405 1370 196 43 4626 416 8021 5028 8306 3726 827 3145 5702 6723 9326 5349 1454 4947 5164 5781 8850 2246 8851 2875 8732 7526 7306 8636 6732 9397 4697 7923 3715 7013 7148 6812 5560 9758 9220 153 3990 1787 6390 1329 6732 5757 9834 9372 4972 3639 3757 3512 540 1568 2831 8567 8968 8516 4166 9311 2046 4963 2858 1288 2608 6801 2758 9874 1702 8788 7118 1004 5865 6506 8659 782 1865 6640 3952 5056 4536 587 8065 2608 6797 6419 4743 1809 4738 5123 9269 8022 1639 7323 4534 1691 8812 8510 7685 2077 9899 4404 9362 4588 5659 5913 9684 3040 9134 5932 2066 1602 4212 2449 185 8334 1126 6704 3929 2247 3532 371 6680 8963 5623 8108 5821 4651 7592 8765 2854 7805 1367 9246 1619 3754 8877 8138 2904 2840 2810 3090 6559 9104 960 1176 3268 3217 4309 4246 823 1644 8277 3365 2573 7318 158 3926 8880 2729 1315 6637 7098 178 8314 9632 3134 7733 9038 5164 3055 3173 2829 4257 8311 3052 5850 8225 8418 6105 2876 4581 3792 541 1630 6360 5574 2349 3533 9129 653 6419 3837 6430 2450 9453 7957 6876 7285 1564 5118 7264 3034 4535 2551 3449 6507 8485 2820 4251 5827 3702 1515 6141 8116 7467 2805 9100 4498 1962 9923 8790 1111 4731 7143 9440 6845 5581 7190 1345 1975 8850 3565 996 3720 2350 5401 8954 8313 4300 3757 8534 6328 1417 4832 1151 2228 3927 4892 6065 786 3836 1632 44 6347 5872 9711 1139 1499 1394 8831 8175 2516 1540 939 4666 3897 6699 2706 1364 7155 9888 2709 354 7056 6753 5005 4601 5279 7168 8370 1959 7253 4515 5493 7035 2442 3155 1063 9224 589 7661 6080 8038 2108 1796 9097 4225 3645 1836 5682 6392 536 1153 2797 5231 8747 478 5473 5774 8693 9158 9992 671 9243 2367 2449 6228 5653 9538 7774 9902 2338 5949 9655 5879 9792 5745 2230 9866 4997 5299 6297 6069 1097 7215 2388 8286 2153 7377 1644 3755 5846 2138 9596 3240 9124 6193 532 1573 3099 2399 8341 3062 9834 7650 9062 5937 4895 3835 1442 1475 4064 208 2840 5820 2901 3226 9370 7006 3227 9528 5182 7954 8962 8603 3792 9586 1424 7720 6670 5568 173 6905 2235 94 5717 972 1164 3668 2777 8674 4014 4062 5278 5521 3022 6811 1580 7315 3471 767 5840 4821 3576 4625 5466 5977 6899 1694 2128 9876 4720 6900 6713 7760 4991 4136 6019 27 2458 9761 7982 9639 9817 6122 1663 3000 4475 5540 1518 57 4660 1649 2552 7463 441 3130 6717 2740 7942 2971 1987 1238 328 9282 2993 9669 2052 3635 1285 416 4862 8998 3967 9049 7779 808 6468 5892 6031 4598 9867 1644 8919 1301 531 3183 945 1453 6315 5613 1111 8521 5881 3420 1720 2152 4196 4807 263 6175 2906 7162 8490 5429 2283 4808 4828 5974 1883 3958 8683 5057 6196 8045 6155 4010 1026 5883 7617 8600 6597 610 3096 1192 4578 1544 2496 2136 7427 8790 8810 3725 4162 890 4109 6174 4642 5284 7956 966 9238 2492 8558 9190 6440 4299 4829 3616 2516 9677 9335 7629 9866 2582 2536 2600 9023 6025 2862 8401 5436 898 5532 860 3678 3278 9767 431 9892 7566 3084 8231 1717 4424 7560 7635 7511 502 7774 3144 5113 1284 2725 123 7242 7830 4856 7082 5823 8240 6820 1092 8977 236 4813 5356 4477 6680 3593 5386 882 4981 7619 5146 2326 5369 5834 442 9682 6638 3391 7456 3105 7537 5451 4179 6981 8995 4886 9805 3762 1420 1729 6607 4241 915 973 8349 351 4231 2386 4206 7419 1497 1529 8813 7755 5663 1282 4987 5031 2019 1647 2010 8765 8914 8455 9331 2732 5294 5956 2961 5289 5325 3797 1908 7581 7175 9069 7184 7972 9275 3938 8907 4591 5931 9711 2706 9923 4523 5218 2468 2744 182 3599 309 1692 7001 5259 9069 1501 7878 3665 5143 274 5587 6753 146 1123 2440 7564 6035 6012 9317 6905 1249 6047 6409 291 7592 3022 1356 8665 1991 7637 7846 2989 7186 2302 1989 5798 6128 5098 2860 5998 62 5679 5582 5668 7882 9989 5703 5258 5305 3272 1459 4152 1617 3865 4933 4215 7167 9997 5234 9192 6995 7132 8003 2331 8480 8259 6839 1016 845 7219 3342 3497 9894 6928 2767 2574 491 546 2963 5639 2047 3415 1575 2814 938 15 4590 5531 5544 5183 1421 797 6680 6063 5006 9576 7630 6268 6605 1105 5314 758 4814 1476 4735 1443 9525 351 2964 5930 5836 6340 1590 2617 3441 555 1372 2784 3525 749 5906 6260 3086 1194 8615 9133 2069 4516 7055 2648 4681 9650 8993 2549 6843 5550 6985 6570 4560 3159 408 9646 7234 2320 751 4111 5551 159 9944 4925 1400 2303 525 4828 4228 9470 6287 1734 8298 8240 3984 8951 5578 6090 2489 2079 8549 2264 9909 8580 3968 1719 8612 7101 4934 7819 1657 4936 8435 3819 5085 5284 4921 5040 6489 4200 2959 4666 2464 2331 2349 8251 6243 5049 1377 9817 2314 1156 1021 1472 9106 2017 2134 7758 1930 8183 1623 8150 3157 5156 9228 782 5611 3911 3559 5104 4023 8567 5967 4316 8714 2810 6828 6773 2199 2127 1596 1760 261 3397 1922 6760 3312 4849 5585 5964 7961 1980 5989 8031 5921 3475 8394 472 5442 3077 3923 2608 966 1289 8917 8486 8269 2149 4969 4846 268 2440 8349 5421 4169 6897 820 7743 6224 7077 8961 3090 8481 1453 4848 2520 1343 7029 4078 1433 2114 6095 1900 5982 8694 4766 8127 2039 9274 2907 8099 3270 6082 8996 1987 3426 3750 6648 2083 5429 2865 7836 7847 2015 402 7673 5657 7456 7678 3051 1206 5602 7916 7476 7633 1468 2487 2743 2655 8464 4624 4301 6298 8542 7482 4179 3583 8735 5436 9034 7055 1483 7603 9750 5073 1043 5949 4160 5999 8408 7630 6004 5908 5953 207 5859 4645 7002 3610 7810 4837 3839 6880 5914 4831 9653 387 5318 2287 2210 5724 776 5785 8240 2726 8804 7009 7902 609 1602 2658 655 2144 9456 216 8424 75 5039 8629 6886 3790 929 6495 4646 7912 2994 3008 4780 9677 7260 9637 1485 7989 688 7664 8308 7194 6612 9255 5456 7662 896 4834 629 6851 3424 5872 3127 9201 1301 5715 3746 1955 1716 6431 4084 3482 4981 7839 321 5657 4117 2640 5999 1559 36 6597 1959 848 6968 961 7530 3924 7129 7984 1386 5495 7507 2222 9852 5471 2215 8638 2589 5545 8825 4804 1194 3893 4099 5099 9670 7589 1089 3569 3256 4418 7588 8582 42 3335 1023 49 7803 3540 1757 3883 6126 9308 3609 6577 5321 9111 6340 8550 3063 3681 9650 2735 6679 6217 2605 7013 8266 2387 193 3782 2296 7607 5454 3189 6956 6655 1338 1670 7988 1885 1084 1011 3186 3475 8562 793 5085 3896 7340 8587 6737 2842 766 6462 58 263 242 6604 3517 9410 9332 5617 4880 437 5428 2689 3789 4137 3335 1056 9635 3343 4871 8872 869 618 9630 4439 1913 5107 8639 7630 3321 3892 5518 6627 5190 3997 1666 5440 3440 4387 3338 66 4719 8332 4613 474 9069 8596 3080 671 6714 2730 7197 1707 8151 5715 5726 8858 5227 2439 7326 6638 2609 2303 2528 1533 3544 126 8990 2401 9074 5204 819 7639 469 6620 7921 8785 9917 8544 9885 996 6248 3119 4030 1498 136 62 1889 7298 4133 996 2792 8955 7001 236 6726 7052 6674 1559 8596 7679 7923 2135 688 8290 3683 9126 3769 1797 8972 61 4132 3006 1789 717 8762 6232 3705 3817 8951 2959 1238 7226 3149 1189 5375 4394 7503 4417 2162 2393 8742 5419 211 1100 5280 6385 1751 5944 5820 9206 4234 6315 3487 9021 8986 7892 1346 3506 6249 4086 6993 8241 94 8377 3917 8173 1381 5465 8875 8139 7211 901 1988 8052 5651 737 8979 8551 755 6292 9562 8452 4327 315 7805 6066 6813 4196 5892 2778 8024 5380 9822 9225 6910 1218 2905 5794 9802 4041 6219 4714 330 1226 972 4666 7457 7624 9513 49 7687 1482 5747 5263 6100 3004 5678 6651 3496 5422 4355 7422 4359 9924 4574 3222 4405 2468 8144 4692 8014 379 2174 446 7857 6168 912 3534 2975 2192 435 5521 9185 9864 9208 5400 896 3518 498 8010 1723 7089 4076 6224 3972 612 2465 5880 9283 8143 5538 6372 7841 1998 6292 5096 5423 5728 7199 5807 5325 6185 1664 7349 8531 7040 39 5006 3179 3842 8954 4847 3540 6045 5697 112 2625 7062 631 3136 1544 420 1199 6592 8820 8802 8157 9383 6164 5617 3513 4876 9625 2947 2720 640 1772 1137 1282 8754 6325 4663 4741 8360 6325 211 6592 4124 7741 5945 2273 7581 2309 1361 3080 1386 5398 3847 8730 1099 8608 3851 559 4184 6629 9711 2915 5839 9628 2012 857 3666 239 2797 9011 5143 1933 9425 6699 1078 2361 1821 2062 3855 6969 5112 9180 4993 279 3518 3945 1492 5908 7838 3167 8544 9120 2252 4810 9060 1139 639 650 4608 2600 3060 4421 5067 4492 9753 4034 8637 5651 5107 974 5078 2948 4809 1275 7702 5992 7702 3005 7107 7967 219 7899 1350 2650 7514 2980 446 8594 6764 4871 1147 6848 7932 3753 6852 2323 7754 2339 6546 8701 6778 9986 6018 1846 786 2934 1943 888 5567 4483 3670 6833 1856 2082 3257 8372 4026 6561 237 8808 5666 9759 1235 9559 8534 6609 6850 5393 7557 3168 5779 2247 3282 921 2292 1040 6613 8843 8870 9687 7689 2940 4767 8762 1503 7173 4041 8141 6874 977 7729 3013 4370 9826 9753 8222 6673 8364 1974 6230 4664 6168 1138 8607 9275 9283 1563 4016 7633 4380 4243 8869 1381 9129 7678 4395 1576 1779 2183 9333 2924 6597 6347 4122 7690 5617 1308 3428 7085 27 2319 8914 2421 6348 5726 8967 2086 3264 9175 6489 8278 1352 732 7970 3122 7081 6577 227 185 6700 9617 396 4239 3916 7530 6693 5180 5163 2092 3465 2939 2413 8221 8597 1419 2970 5096 3582 9633 7056 9833 3688 1492 4544 5923 5839 7232 349 3162 3970 2916 464 569 9267 2692 5526 8558 9400 871 6640 4105 7645 3962 5122 1473 7296 635 7268 7326 7940 2398 4660 7600 5070 7884 5618 2119 9307 7535 5635 760 3944 3320 7679 8143 2233 7369 2163 183 1683 7883 6144 3955 1393 1450 5898 4873 9026 4867 8441 6050 1961 2621 7307 764 2492 1005 272 7496 6806 2720 2205 3644 9910 5013 1642 8209 2798 1280 452 1526 4132 3225 9195 5819 6116 7435 8069 8759 8779 3653 1178 9091 3358 5132 1942 7053 6577 3463 8025 3702 1441 7970 8154 2964 8731 8876 9536 2833 9298 3417 5880 3194 8029 7056 1794 8272 8262 1629 6596 4170 7180 1473 9397 1410 4898 3645 9651 9908 5934 3787 8222 8818 5067 5893 1098 7234 5287 332 6465 6926 8133 2 5759 7507 2157 3920 8644 563 5239 9585 8278 3491 612 7941 8332 5725 4853 5695 1796 2543 3857 4999 9214 2075 2372 4713 1150 3589 4826 4613 2446 5112 7528 8237 7129 3169 1476 3545 5762 8690 9928 6214 3547 6641 8355 4723 2238 1878 1623 8466 3752 1456 9084 349 7112 369 1932 4559 8149 4541 9077 3287 5861 7375 7882 7593 9111 7333 6546 5676 1450 7567 6520 5068 9299 8964 121 5769 716 6828 6025 8263 8143 8407 414 6157 2783 7652 1971 7062 9151 9595 279 7410 8488 8292 1932 9606 5352 1134 7960 392 1694 8793 7543 1796 767 3564 5783 4170 2340 1664 5962 9789 170 7618 2664 3397 6848 6261 2698 2510 3052 9502 352 9143 8455 2470 28 5028 476 1692 7989 9485 925 9616 8565 2701 6990 6153 2315 9907 5480 720 4058 1604 55 131 1496 3191 7565 5795 5920 8583 5165 902 128 3893 368 7093 6604 5444 8147 4207 3465 1323 327 933 2835 8247 5712 3660 3607 5542 9559 270 1194 7116 5080 2169 6720 3874 6581 4558 3541 7986 1073 9171 9112 7388 1029 3506 9691 3477 9486 6440 2101 9715 8397 2263 7136 6546 5558 1860 2043 1058 9889 6105 3784 8486 1293 7508 2207 8838 2008 7526 2218 5470 4952 1510 71 8013 3941 5244 2585 6087 9164 3878 8919 3300 3902 6966 2716 5454 446 2705 8261 6391 4247 8225 7654 3889 1812 8213 7237 691 9382 1788 3294 3531 4578 6606 2637 7223 6736 7107 2375 922 7677 3721 9569 1118 3962 7282 5943 5052 474 6467 903 5653 3720 6727 8771 8381 8351 7770 7811 2154 9264 7823 1585 2329 4688 8203 8507 6666 5862 8519 3540 5631 1297 9713 7891 2449 2593 5579 4706 7499 9674 2523 368 4189 436 8202 2592 970 4989 1733 9288 3258 5973 143 6835 169 9904 2125 8351 7702 5848 2824 3184 3877 8185 9855 8747 2462 5219 5938 6956 251 8284 472 6992 574 7147 5866 4315 2969 558 2822 7908 7971 5381 5533 1396 8378 3860 453 1819 3612 7029 8007 5371 5132 3812 8178 6075 5779 529 7078 7877 7757 6658 330 6504 5896 5934 2775 7894 4600 1155 7179 8231 1878 5744 3879 7941 4940 9596 513 4638 266 3261 8067 7638 6293 8914 5386 5378 2179 5722 792 2141 8656 4923 9522 3142 5019 1932 6642 5825 5177 3658 8326 6738 8882 6663 4895 3413 6479 2262 8851 8569 9458 6465 4364 9471 990 5235 1751 9952 7803 2367 4374 725 3076 5175 6910 7197 4024 1573 8506 9834 2332 1013 6982 7316 423 9417 7348 5364 9796 2052 1083 858 9940 1296 8947 4664 7369 5864 1754 4917 6460 5070 7650 4588 4905 5942 3664 9258 4398 6489 2223 2899 5247 4612 8075 9261 1173 182 6823 7155 8250 3157 9879 195 1214 3546 8662 433 710 3728 3410 978 1991 1609 3979 6834 5775 5945 4632 9214 7421 4953 7777 283 6916 4773 9286 2413 5228 9646 9206 4768 2401 4617 8921 8835 1394 6239 3703 6056 5459 9163 6607 5654 1387 3295 1953 1191 9031 7535 228 6634 9237 7188 2337 1618 7994 9130 806 9829 3197 8162 7843 61 121 2577 4064 8859 1343 9439 1494 815 6962 8361 5073 5217 6153 8800 8485 7068 7280 648 7478 6829 6391 4442 2174 6872 5873 3858 3691 7571 2791 7873 1678 3178 8259 668 4397 2617 549 9259 9377 7989 66 2603 3033 5604 9407 3661 7334 1888 8202 4036 1565 5399 6098 8427 6984 9310 6042 2141 9013 7866 7754 4011 6789 1813 5630 3290 7246 4479 1637 9890 1258 442 915 1920 70 4541 7567 4708 116 2963 5398 2388 2329 9625 774 2760 815 9091 4596 5852 3444 8135 5671 2369 1258 6416 9626 3883 6869 780 5214 1604 1040 7375 6693 3448 1368 8750 2680 8008 9727 4501 4802 9639 9018 5762 1475 832 2548 359 4127 989 3337 8283 6284 8897 108 8282 4151 5040 5617 1649 656 9346 6099 4563 8041 3267 1295 3286 507 1078 5512 4423 768 4701 5889 8082 5610 3955 9430 1658 5771 1730 2803 7783 459 9133 4715 227 2774 7384 6882 5212 8875 4426 7796 3766 1694 4818 1676 6806 8742 9263 9437 7895 3584 4551 6893 5433 7594 5921 1301 7293 5017 7675 9218 7322 6403 4644 1079 7340 6454 2723 3209 1119 1391 6990 9089 184 3636 5540 2478 4605 5291 4372 9024 4760 5648 9891 6894 6823 4083 9707 945 9423 5720 6630 3943 3957 5189 5479 1169 4995 279 7729 1893 8985 509 5742 5516 6938 1963 4681 9877 5179 2777 6660 6449 2759 6898 611 4661 2637 8870 7807 8907 8928 9896 9205 4785 2678 1216 2484 5304 3338 8697 3907 4230 8475 1252 7496 981 9482 1300 6625 2817 3456 5952 1103 7070 6630 8197 9895 9008 3546 4801 6288 9874 2753 5721 4919 6096 9615 5652 6605 3196 5905 7469 8375 5372 8643 805 4158 8794 555 3038 5933 4675 6892 1249 2838 1433 1795 3609 4077 113 1103 3766 6667 6742 896 6315 5916 7124 959 6977 8673 4765 8070 2850 6879 136 5491 8382 2191 3357 74 4681 9788 2170 4992 1035 1320 9009 9489 1663 5175 2344 3082 420 3569 3959 7183 5919 5285 1917 1639 8103 5409 2988 9691 936 1515 1305 7611 3345 8299 2605 2984 4614 9054 3030 6667 7278 6101 8086 3213 821 5972 2115 1437 8316 435 9910 2701 9940 4928 7452 4181 6199 3068 9256 5903 559 3561 1983 1497 2061 2098 570 4630 9347 8756 5000 253 7354 9869 8249 3385 4877 180 5268 5799 4652 1584 1538 2443 1771 9727 5248 5291 7184 5937 1425 2114 664 4907 4922 5247 8642 5237 5316 7859 3090 6236 7886 7543 2112 2369 2489 2787 8327 8391 6458 8024 9046 7177 9211 8935 50 2530 3193 3432 8434 4499 1272 5701 8418 8384 8987 5147 2817 67 60 4672 738 1432 3018 5095 8895 2175 7174 7629 5905 3982 9317 7345 8873 4124 625 9107 6075 535 5080 1132 3902 9279 7867 9974 9069 8185 4496 2816 7224 3836 6049 971 1284 3351 6603 6575 3479 3785 1680 8871 8301 104 6853 9184 3382 4907 2229 3231 1429 880 7084 2392 9986 9351 4172 3255 633 9444 2203 5515 3337 6497 371 6390 2647 1754 1282 3582 3416 943 5432 9711 8906 7381 2891 4183 3435 3141 9925 8617 4480 4412 6277 571 2480 7578 1818 8439 5431 3059 4636 9438 292 4817 9443 8544 1771 7615 1421 6997 8819 2447 4780 1575 3128 8006 2950 9478 9338 315 36 947 2701 7275 4499 9109 8872 3400 6694 9559 4966 3445 3649 7512 3591 7692 7424 521 8432 2184 1102 4755 7687 4059 7678 9646 872 1081 214 7947 8883 6267 1023 8412 4507 1358 1783 5590 216 8273 4190 6310 470 6250 9836 2905 9556 2610 8410 738 2966 212 1108 2712 7684 66 2910 8629 4568 9616 796 2680 8756 1415 3704 2180 5530 6243 7855 3039 8754 4198 1764 4580 2295 915 9580 5681 1898 8755 7649 5482 6926 6916 7376 3588 6538 3204 650 3098 4842 8090 38 7340 4831 1886 7357 8171 3114 7564 4157 9871 5557 9622 8295 5233 9306 7519 6434 9585 9113 3664 2693 6817 2743 8022 9536 3287 8346 7794 292 7791 6030 872 838 4375 7682 8161 4753 418 9020 9929 6897 2486 2801 3985 8728 2557 4974 6558 8780 1912 8002 6392 2791 6823 7969 2620 2550 7762 5122 539 6187 307 4082 6073 6763 8282 8208 5966 6833 6568 3966 648 8857 4052 4438 1959 5558 4313 5747 1664 5068 9942 8004 3163 6070 6636 2860 8677 5313 4116 3445 9535 143 5127 2824 7004 9750 3732 8230 8615 6574 3757 2835 8267 2263 2858 581 8425 5136 260 9513 4470 3153 7083 3999 4650 6146 6577 3865 9874 9378 5917 4848 9198 4257 1641 2735 6372 8998 6757 4966 7563 6329 1441 2808 8641 4026 342 4045 7398 4905 8622 4577 5214 9659 2760 5971 6435 9516 8229 2615 385 615 7630 245 8521 7808 6491 519 4398 4379 8893 3711 8346 4449 1957 8910 4090 8930 8171 9390 9646 46 2936 4810 8491 5467 2684 8641 2568 1410 4217 5174 7172 690 3077 2274 8238 2044 444 8769 9068 8661 5452 2657 3349 935 6808 5574 8455 4576 9974 9001 8689 4689 1937 8692 2442 8528 9879 503 1225 5974 107 3527 5658 5426 3060 3449 1983 1477 8909 5595 3757 2340 7155 7116 1867 745 7130 7663 6582 3666 9304 5708 2688 6081 5817 3327 2140 2922 2457 1239 84 4744 9501 9208 324 8232 5514 1258 2172 2652 7116 3687 2673 5497 2145 9569 9308 201 5740 506 5817 906 4690 1081 5642 3822 2944 4620 738 8905 1747 6241 3691 4326 7502 3787 9232 7714 2520 7875 9875 8335 8955 6229 2760 5571 6454 4879 5816 7526 8332 7973 5680 2120 7923 8288 6783 7064 4134 6634 7227 5294 1332 691 1197 7250 9518 7567 4016 6066 4429 2374 5910 960 4921 7107 2307 4402 403 6758 16 5105 2236 5170 6985 3386 7980 4607 80 736 540 7369 1880 7928 9324 1871 266 2811 4398 8917 5155 1319 4937 1554 7124 8367 9255 803 5073 4038 2263 9830 6211 8488 6859 2544 4854 9538 7995 984 587 6293 5825 5497 8103 935 9755 6676 6370 3809 2077 3836 4602 4578 3644 6968 2557 8266 5139 9300 1810 6832 5250 9776 7777 2653 4522 8335 710 3231 9682 3290 7538 7623 4789 123 6330 1867 7346 4546 6774 8533 4891 9027 5955 4241 1062 5558 5602 5779 6751 5830 2839 8879 852 2931 1754 8207 312 752 921 2977 8080 5829 8596 8214 4393 8798 10000 5061 2352 2746 4213 7173 8008 1789 1392 2774 3688 510 2530 2457 3578 7386 2062 2067 494 6479 9583 6239 420 9938 8048 105 9526 105 6530 4947 5436 9378 6809 8339 5541 2587 1087 483 8757 9767 4720 3280 801 7103 9869 4156 2021 7854 6233 701 1886 5284 8255 5547 9089 5221 6154 8501 818 6791 3802 8461 6206 5127 6662 8583 7409 3189 5765 863 7008 4307 6340 9312 177 9994 8787 4157 1646 6132 3767 91 3334 259 1530 5925 9836 3225 4999 2439 902 3198 3774 6740 447 3006 8518 7297 7973 6792 230 7831 9291 6208 5722 1924 8601 1549 8084 8155 7815 2460 6105 4751 5302 6347 6000 2764 8567 3567 6871 7599 6449 3822 1293 6617 255 726 1657 447 5248 580 2946 9597 6678 3070 6004 1710 5191 6362 545 7702 8543 9412 5918 4345 8012 8124 3074 3105 9473 6229 2746 4779 6035 1272 3720 810 9663 1599 7055 7443 1570 2186 1545 6448 7231 7277 1137 5389 1725 9936 6665 7310 2455 478 5958 711 3226 1622 9695 5570 3578 9470 2305 9101 9309 8635 4942 169 5582 7049 1961 7548 8252 1033 4715 3696 9864 3406 8658 9522 6586 6367 7965 9300 6941 5721 8705 9867 5695 2714 919 3521 962 6199 8795 6612 702 8167 2686 3765 492 6277 3366 9755 3164 5153 201 4909 7280 8448 3397 5676 8511 3848 6187 6774 9555 8101 9855 292 8507 5879 6794 8157 6522 6817 6296 864 8118 3740 1275 1999 1306 8434 6022 9646 7092 1075 3378 9096 7751 3059 5180 9498 1147 8234 1413 4374 9752 2211 5489 6882 7599 1725 8121 4999 8593 6605 8281 6738 3461 6074 1794 2021 4678 3680 169 4871 6115 4510 1430 4400 6478 4152 1510 5119 1614 3077 6458 5876 9949 6993 7510 5269 5529 4877 818 957 6023 378 493 3321 8428 1346 3877 2297 4866 9647 3280 3317 6682 8690 1014 245 1780 1213 1300 3352 6872 9337 2490 7342 4752 5489 8974 4334 4044 5605 1352 1697 2668 2665 6340 7781 778 1203 5123 7787 1550 6880 8521 7832 7367 3087 9408 9848 3273 8292 9908 4007 7625 8183 118 8966 3715 1971 841 6972 901 1847 632 6498 6417 648 8478 5750 5327 7661 1452 7561 568 2642 7510 1073 1868 5606 3462 7320 1773 4700 6728 5498 5698 638 61 9227 9429 5781 9112 1567 9493 6850 980 6592 4421 7801 2923 2572 6507 1713 96 6005 4802 501 9799 8959 2040 9749 2312 6181 7137 2470 1775 356 2210 5454 3519 333 8167 9497 5290 5400 9821 8007 4298 4988 3560 8939 2060 7800 7247 301 6128 5214 4299 3929 7034 578 7036 8494 3268 47 4180 3632 7402 6626 2841 6663 8572 3917 2375 6222 1567 661 4556 6468 4780 4741 459 4030 2336 2057 9465 4467 6459 4932 3171 9343 8065 2266 4534 993 2700 4998 5318 828 5079 7526 8376 4346 1284 474 1783 772 1768 2232 8674 8203 922 6123 6476 7795 5831 5903 1916 1922 5729 8519 459 6630 6411 8232 7752 428 1215 1675 5607 58 1912 1966 9773 7926 6920 8900 3686 9884 4147 6625 6976 8011 4386 382 6173 9785 2370 1531 2917 139 5010 792 6545 7550 4616 3899 2993 2273 6749 2045 8551 968 7100 8861 1610 267 423 6139 8148 2516 6482 9534 9333 2261 4374 3727 5469 8384 8848 1276 9349 6685 4767 2982 6007 5943 5177 2835 9682 6943 8998 4140 7159 7240 9028 7040 7486 1833 9874 7728 930 9870 6485 8513 9601 4455 5221 6701 733 5688 8033 8418 6061 7112 4311 1729 557 3330 1981 8112 7977 9878 4491 8617 7126 6649 5198 7465 9354 6337 5015 5633 9727 7498 8986 1673 3796 1971 6624 3096 7404 5346 9861 3757 7660 5228 2522 3561 2513 1886 6708 8227 3480 1831 251 7730 6469 5595 1948 7815 7853 8625 8584 9392 2539 4038 771 3126 4462 4249 5509 7360 3737 9948 7580 6205 8915 4969 4536 9759 3893 9323 7774 4890 4766 1713 5702 7001 1874 8286 397 9626 615 7819 5476 909 8310 5172 1583 7016 8112 5815 5782 5494 1671 3256 9143 9155 2688 1008 8914 2274 9544 5977 4508 759 3036 9540 8845 2606 2591 4563 18 7666 1336 9327 6171 8374 6593 8483 382 8032 8585 3871 1746 3177 2115 1446 4885 4654 6101 9072 2311 6754 890 7721 6957 1754 6064 1888 511 9055 9963 5785 5449 1216 1376 8315 942 7197 8251 9651 8592 1869 9546 2048 1722 7001 9391 5668 6822 7134 5153 8377 2839 2303 9948 570 2977 7169 1708 6661 2236 2622 5046 6768 2180 2547 5664 5713 396 4417 4500 9685 4390 7279 6977 9418 6908 1206 8234 9444 4923 6580 2421 3772 6835 4474 9228 3228 1496 4478 7040 1076 1252 9610 9265 537 4770 5707 5975 4192 3669 898 9724 4679 8863 7431 1872 9741 3738 1521 4500 4405 7411 8271 5279 4727 7657 7234 8652 847 8435 592 1258 668 4375 9715 6427 978 9220 7240 4613 169 5225 2033 7476 5563 1579 9971 758 8218 9699 6025 3037 6264 2238 6287 5953 4700 1611 2759 8348 3972 3696 6600 6524 5982 4966 1530 1444 125 3976 4491 3307 2282 3832 2317 6587 9953 5323 6453 8483 4464 344 3934 6326 5083 6652 4260 5626 9259 9096 8522 9834 346 7969 7476 3076 5992 8896 8941 1308 457 464 8003 2215 5653 8195 4742 5761 3975 3357 2732 1896 1231 8967 6112 8078 4288 6157 4079 8346 4146 2625 4137 7272 6897 54 3510 5829 7948 917 350 9156 6023 4299 3680 1867 8777 41 6940 2326 3535 2611 8841 5395 4327 2738 4880 7061 1414 7266 2670 5314 3219 612 3526 1397 2825 6029 2509 9948 3449 2982 6765 1674 3621 5626 9874 5478 8263 6186 4976 4443 2008 8700 8267 8886 9385 6760 2557 251 9741 9242 6835 7265 2653 9507 4960 6801 6387 1224 3593 1179 6319 8785 9864 9024 853 4427 8890 6505 269 9927 1968 5071 8466 9193 4242 9617 8340 825 1751 2273 598 9045 2814 4887 8400 5901 2312 9980 350 7318 9883 1617 367 8248 2865 8822 231 8656 7559 8851 6653 7103 7646 610 3406 1400 286 3410 4232 9750 8558 9126 4400 8724 8877 7620 5756 7235 8972 4791 6954 7880 306 6846 7479 1979 7847 5306 2425 5560 4601 3428 7142 9026 5002 6532 6378 2315 8063 795 8965 5870 2243 2170 9771 3510 9570 3753 3474 7764 3086 7329 4903 1484 9950 8834 153 2456 7754 5134 7597 7972 3568 2748 9464 3488 4914 3398 3672 2706 838 9643 1836 3777 5 6798 7351 4827 3228 6709 5185 1215 5454 6570 2262 9876 8415 4878 2117 1377 554 6513 3314 8818 829 235 9860 2346 7608 663 8840 1035 8402 7714 9116 5167 9412 6192 2085 8867 6683 4536 5049 3991 1450 9075 9702 1167 4006 5153 8345 4581 7400 9491 3384 8692 7199 594 3529 2462 2459 6951 4376 6408 7379 4833 7093 9465 2160 9810 7251 9774 32 4642 3835 6953 9412 6571 1863 4557 4066 7547 6295 8644 6563 2469 9887 3273 3446 6192 2231 1870 6843 4742 5290 6056 3513 3047 8359 4686 634 995 6403 9405 3689 3620 4933 9751 1659 3826 9721 735 8803 8396 2878 7342 4107 4182 4648 2850 370 9109 622 1466 6409 8277 2189 9051 6213 8484 8019 1774 4288 9972 6645 9615 3096 3404 6153 3376 5807 3480 1325 5076 361 8181 1294 228 8705 6886 6338 5629 6388 6818 7167 2048 324 1155 3841 9249 6870 6984 1128 8089 1701 8036 4167 1540 4621 3325 4599 8468 3824 2349 8034 6620 6981 9893 664 7125 1956 5717 3901 156 3227 3317 8377 3362 5020 1056 9127 8395 8876 8723 1814 3712 790 7619 7195 9037 1958 9844 5549 4547 5423 930 8952 8471 5381 6572 1691 3393 7892 8980 4265 1390 2775 7856 2620 1359 5841 1996 717 904 8424 9990 9822 9746 6885 8449 9536 9673 613 3138 3645 430 987 7462 5231 5654 3627 1354 8807 4489 769 5665 1783 9828 5128 610 8504 3927 1140 1576 8069 9176 7592 2736 7278 1295 2464 1342 9686 5912 1801 7032 6406 3652 6244 3721 2392 8279 1559 6560 8188 3052 7899 543 8454 1148 9295 7276 350 6187 5203 435 5087 1564 2350 6705 40 7431 8825 8331 1358 7386 7394 2965 7640 5557 6474 4300 8338 685 8327 6525 5786 713 6563 1067 1382 1896 1179 2253 9757 7226 7137 3901 8025 466 2618 266 6139 3883 8848 1399 6279 9743 4305 3610 5123 6865 2990 1630 5229 7221 5581 513 6226 7123 3384 2006 9160 6887 8940 2341 8725 5748 2251 9910 4053 348 5338 4490 8280 6282 483 1858 3713 1016 9237 2469 3496 6873 687 8719 9161 2144 5896 3884 7923 9655 6458 7009 8458 8490 4434 4740 598 4985 8306 6639 2194 1177 9184 6897 733 84 8532 4300 1036 6756 8110 2296 534 3836 9565 479 7111 9951 7369 5807 7870 5239 6010 8555 5054 7327 9710 7706 7313 3946 3047 1319 1952 1386 8123 9375 7708 5385 4242 7110 7913 6356 1036 4194 525 4090 5609 6366 2102 6241 2510 5465 1937 4434 4550 1909 2932 8520 7711 904 4324 7109 7801 1454 8240 3790 2939 661 8436 5402 3134 8783 5719 4710 2223 2756 7630 611 6289 157 7638 2887 1721 8234 6638 2104 4224 397 6586 5572 5605 8701 1986 8348 3480 5988 1008 4165 8240 6609 454 7989 9782 4599 5718 5100 3912 8988 7304 9640 1895 379 4151 8543 8585 9266 1796 634 8552 2805 6690 3028 4176 3289 5800 3231 4773 4842 8514 7519 1083 853 5984 2301 5852 2175 5030 5125 3382 9580 8779 8360 4250 8520 9722 3067 286 9042 4115 8086 4796 4540 2315 6902 9361 5901 8279 700 8239 559 3477 8748 8315 9201 3524 6175 7919 3765 1896 4097 361 51 6407 8483 4843 9253 2414 4874 1657 8089 5068 5150 398 8338 4645 5660 3591 2823 2240 1029 9686 5187 4794 5725 4848 7235 1329 300 5840 8635 2266 8241 6498 6081 4108 6698 6856 7504 915 9724 6313 471 6141 5521 7309 6296 9008 7077 3330 4233 18 8473 8010 5382 5808 721 4203 1293 3384 9189 2541 4208 7022 6659 5008 2695 6795 75 3235 6843 2889 1538 3198 9644 7209 4128 8729 925 5261 4530 9410 9634 4814 5656 1004 7609 6887 2456 2778 7870 3624 2409 2440 8373 8900 8233 8611 4980 4723 1464 7435 5686 6097 3003 6728 8489 6845 9882 8003 9953 699 3394 9912 931 1730 1971 6699 5195 9711 2338 6543 3590 4432 3641 9840 8808 9098 4803 5579 4216 2580 4272 8977 6431 3418 6327 3112 9165 2906 5999 5545 9876 7146 1732 3539 9019 2688 6009 3047 8460 4104 6176 5114 2662 6851 7491 2662 491 226 3551 9768 6387 4031 3604 228 9544 2036 9318 9357 904 3217 1743 4013 7047 3514 5275 2963 2458 4839 7530 4848 4412 643 1009 1337 7836 4414 4553 5384 4414 7435 9183 7547 5798 450 7474 7011 6016 5679 649 2487 3723 6321 90 4367 6824 4988 3300 3145 9008 1096 2934 5526 2892 4703 5 4638 8090 6419 1290 5144 7727 6693 4450 7779 672 3135 2332 6529 8295 4412 8863 1734 6964 4682 2401 1373 4201 9439 8689 6083 6941 2785 3662 1034 5515 3196 1789 1880 8432 2753 1367 533 4416 5201 6344 6080 6177 6261 2178 2923 5214 1674 9048 8635 8469 7277 5875 8793 6266 6947 4688 3267 3778 2276 8352 2219 9 43 1767 1591 6828 7784 1934 7104 9168 4430 9938 9763 4265 133 8066 3363 9347 1433 9748 4820 2109 4713 2336 8322 6121 4809 3668 3064 2430 7744 7374 9482 3798 7835 1381 3947 4896 6616 1137 4887 7423 7788 1646 4859 5561 6766 7182 3944 808 7193 2004 6371 1501 6110 1849 6472 9224 5471 3018 8899 8913 6661 3320 9669 1123 2556 5175 341 9627 2130 2703 7884 2701 3323 2878 9896 9951 8880 6564 3818 8973 6651 7542 600 2851 2268 6428 9931 5062 8263 1268 7538 1788 6308 3020 7278 7102 1406 5387 852 6861 2261 2681 7038 9963 5356 2162 5450 5262 1499 7543 8857 5280 7230 8972 8177 8753 8116 4667 2924 4899 6576 1072 2727 2109 8812 7564 9940 6794 4081 35 4024 8871 2529 6157 5357 8536 6862 3576 5938 9715 319 8724 8838 6915 7730 2230 9568 3398 3956 1062 1274 9760 4651 2977 4769 6054 925 5751 7655 7588 9702 4734 6578 4248 9046 2301 8922 8260 4417 3266 1950 5519 6253 4381 4128 2229 1207 1714 7636 8867 6622 3675 1461 5116 2135 7924 6529 470 3591 781 9304 5758 7084 6924 1344 2480 7189 3160 1924 8543 1317 2959 9280 979 1252 7281 647 5590 6014 1970 8206 6214 6178 3532 6782 3143 4452 8779 9285 2590 9483 3775 854 3382 4851 3181 2868 1167 9693 7822 7627 9322 2170 3967 1848 5390 7668 1984 5291 6647 9990 4517 9212 1169 3646 1400 6468 7057 6066 1028 2991 8637 5624 7708 9105 7247 828 8354 5677 4613 4830 5632 7519 9508 7057 9155 132 929 7406 4074 5245 9702 9087 6651 8624 275 6836 95 839 4923 5521 1266 7742 8467 2462 1124 9161 8022 6534 522 5084 9875 6072 4861 9361 7997 3881 7273 518 9386 368 4640 8364 4805 5865 1285 4089 3405 9747 4978 5751 4483 3778 5106 2083 4624 349 3351 9854 8685 5025 4389 5792 3928 1820 8549 9664 7334 8675 1891 9053 7755 4108 3345 7832 9220 7621 4082 903 5533 4811 783 2148 923 3620 4662 6284 2756 8566 5317 1697 9282 5997 9139 7913 5493 7833 4888 9500 4925 3421 9313 329 3427 7474 4845 1778 3313 5090 3890 6187 8357 5485 7592 719 179 2951 2204 2747 2496 9272 7791 6689 9911 2218 4613 7655 4664 7567 5815 2709 1780 1977 5953 7531 787 9904 7908 3416 8174 4432 8853 7604 2405 3016 8668 1223 9449 5211 5015 1519 8323 7827 8372 9455 3500 6857 1114 26 9555 2782 6529 4108 2138 4854 1317 8529 7961 3688 5527 2364 1162 2735 7484 1922 6971 6396 3948 3996 975 2449 8692 6985 7021 2631 8965 5353 8047 5097 4306 7443 1125 6247 7382 5984 6352 8308 4508 8445 6327 4649 9237 5373 5621 2272 502 4757 8521 1769 2247 4607 2100 3800 5845 7751 5887 7525 6896 3857 1650 8586 4398 9521 1230 1737 9686 1089 4916 5268 7670 4319 2172 1235 5262 2444 3119 498 483 3374 2429 143 9149 7038 4504 6464 7064 7211 1895 3995 8551 6582 612 9005 8828 8628 1999 9364 1474 7615 8024 7349 5540 2597 4680 5558 6178 71 4441 1269 3763 1100 1594 9039 5646 1275 8796 5594 4544 7140 1319 8380 809 4248 1014 9873 1790 3692 6374 4169 1721 9259 620 4343 6932 9969 7772 6723 2418 8096 6626 1817 6919 4255 7853 9864 6746 5446 3007 7364 6602 8723 5710 6037 438 8568 7846 3158 5748 2826 8501 438 1451 7700 1198 3322 8680 5506 8695 8553 1677 6935 7418 4831 3885 6359 6584 6106 1682 4445 4945 8256 1400 22 4045 7784 3023 5493 166 2780 3340 4093 4732 1709 1560 6522 2608 7423 704 4936 4009 2328 6579 3418 7362 7126 9367 4853 9834 7942 8405 6450 9010 7261 1257 7727 7923 8483 7155 4319 9877 9667 2744 2277 9369 5549 6001 237 9441 8212 2858 3140 386 657 5525 7675 1737 3822 9029 775 5843 907 5459 9588 6723 6700 2909 6861 8000 168 2626 6006 484 988 9111 9683 6414 2839 2101 6798 8625 3356 2632 9956 4179 3906 5393 1353 5855 855 6597 2591 3587 4761 9805 5971 5491 988 964 7057 468 4599 5484 3306 1601 2582 4585 5973 9674 4777 7204 2764 5792 9988 9225 7898 9595 6605 4889 1732 36 6130 2505 2829 4683 8160 2545 432 3666 92 9023 3417 6511 6190 6577 4956 5614 289 1294 7405 1101 4917 5406 5207 4335 9869 9837 2086 9274 2706 6524 796 9416 3437 400 9391 7562 3281 6801 5849 2896 3903 8477 6359 8194 2623 2626 6539 9306 4206 4423 4843 2440 4906 5476 2895 1821 3384 7173 5430 1984 6655 2459 7010 2636 843 1099 791 8800 2714 2173 3584 1773 1970 3086 7418 4732 3641 5758 5560 2038 2508 5651 4413 778 1305 7524 2581 6570 2324 7983 8268 7054 8598 6132 9317 4975 3721 3512 356 2621 9565 1315 9140 394 9031 3506 6323 7245 2941 7909 9009 5296 2795 9554 1797 419 8032 2353 8904 3046 6114 5901 6967 2418 8198 745 6677 6561 6329 3929 2215 4850 7514 1093 7926 9350 7245 4362 1585 7238 7849 6104 4712 1498 8699 3333 2290 2691 4593 5736 2520 8082 3168 3679 6871 5311 9519 154 8626 5571 1385 2541 3278 5326 9775 322 581 7890 836 9269 83 2917 607 2726 4364 6819 2652 2442 3796 7194 3451 2587 181 1101 992 4227 2205 258 49 661 1773 1924 7788 9556 1163 4497 6798 3802 6929 2412 7996 1475 3532 9100 8526 6543 8589 9948 8751 8259 9531 2361 7663 1448 7136 119 2305 6427 7992 3484 5773 8316 9349 9172 1231 9647 5853 3195 4886 4462 4874 9974 5862 5972 425 746 4118 9395 8444 2547 2099 6063 8 15 3036 2353 8087 6209 1459 1622 1112 8414 4322 1326 8026 7475 5204 1341 8500 6461 5975 4364 4272 9295 1953 7641 412 2944 4504 8115 1336 8762 4712 191 1066 3708 8529 3286 1005 537 8439 8852 7965 8103 7968 9195 2684 4609 7225 4126 8289 3926 9714 950 1460 6743 829 2625 8211 4637 6883 8957 4481 5728 5871